Player,Nation,Pos,Age,90s,Att,Live,Dead,FK,TB,Press,Sw,Crs,CK,In,Out,Str,Ground,Low,High,Left,Right,Head,TI,Other,Cmp,Off,Out,Int,Blocks,Matches
Wojciech Szczęsny\01b8a2b2,pl POL,GK,31-351,35.0,1020,772,248,51,0,93,33,0,0,0,0,0,626,44,350,103,742,0,0,147,829,4,21,17,2,Matches
Matthijs de Ligt\d6e53a3a,nl NED,DF,22-235,34.2,1730,1683,47,37,0,135,35,7,0,0,0,0,1412,104,214,363,1232,63,5,11,1554,6,19,19,8,Matches
Juan Cuadrado\0ab1f153,co COL,DFMF,33-313,31.6,1913,1693,220,48,0,150,112,110,60,28,25,1,1320,263,330,209,1530,39,112,7,1613,3,23,56,31,Matches
Manuel Locatelli\a8a874f1,it ITA,MF,24-086,31.6,1709,1640,69,64,9,223,71,14,2,1,1,0,1292,134,283,347,1301,29,2,3,1464,5,31,47,23,Matches
Álvaro Morata\129af0db,es ESP,FW,29-163,30.5,722,700,22,1,4,165,18,32,0,0,0,0,478,152,92,82,565,23,2,14,545,1,10,23,32,Matches
Adrien Rabiot\8794e251,fr FRA,MF,27-001,29.2,1091,1062,29,20,1,192,10,18,0,0,0,0,824,137,130,690,284,57,9,8,912,2,16,24,30,Matches
Alex Sandro\0d82903c,br BRA,DF,31-068,25.3,1275,1115,160,29,0,147,28,55,0,0,0,0,840,229,206,952,116,43,130,7,1070,3,12,36,31,Matches
Leonardo Bonucci\52ec54d0,it ITA,DF,34-338,24.3,1389,1310,79,65,2,99,75,2,0,0,0,0,945,152,292,232,1083,38,2,7,1220,5,13,22,10,Matches
Danilo\94b2001f,br BRA,DFMF,30-263,23.7,1467,1309,158,33,1,107,27,17,0,0,0,0,1054,202,211,120,1167,35,124,7,1280,11,24,25,26,Matches
Paulo Dybala\e0921a4f,ar ARG,FWMF,28-140,22.4,1053,960,93,23,3,153,63,42,35,7,18,1,769,129,155,925,90,19,4,12,868,3,16,39,23,Matches
Weston McKennie\01c3aff5,us USA,MF,23-219,21.7,754,705,49,6,1,123,19,20,1,0,1,0,498,132,124,127,520,37,41,6,594,2,8,40,23,Matches
Rodrigo Bentancur\3b8674e6,uy URU,MF,24-303,17.6,959,947,12,12,1,141,18,6,0,0,0,0,789,70,100,175,724,41,0,1,829,1,9,26,22,Matches
Mattia De Sciglio\ae4e2852,it ITA,DF,29-166,17.2,705,596,109,8,0,67,22,48,6,6,0,0,419,142,144,131,447,22,95,1,567,2,9,20,25,Matches
Federico Bernardeschi\ee93c1a9,it ITA,FWMF,28-047,16.4,607,554,53,20,3,93,35,44,23,5,9,0,432,64,111,548,29,11,10,3,473,2,12,28,25,Matches
Arthur Melo\48b3dd60,br BRA,MF,25-235,14.9,880,839,41,38,1,108,25,2,1,1,0,0,733,83,64,44,811,16,2,1,806,1,2,18,15,Matches
Giorgio Chiellini\e85fb9b8,it ITA,DF,37-233,13.8,696,668,28,17,0,56,17,1,0,0,0,0,495,66,135,492,151,21,7,6,591,4,15,14,9,Matches
Federico Chiesa\b0f7e36c,it ITA,MFFW,24-161,13.3,384,341,43,3,0,79,28,30,22,9,6,1,242,69,73,58,296,9,15,4,298,3,8,20,11,Matches
Moise Kean\3d50bcdb,it ITA,FW,22-035,12.3,230,223,7,1,0,66,7,9,0,0,0,0,144,50,36,37,153,10,0,9,169,0,4,9,8,Matches
Daniele Rugani\14b8fcdf,it ITA,DF,27-249,12.0,568,554,14,10,0,34,10,0,0,0,0,0,487,31,50,91,451,18,0,0,523,0,3,8,2,Matches
Dušan Vlahović\79443529,rs SRB,FW,22-066,11.0,174,164,10,0,1,44,6,8,0,0,0,0,113,28,33,132,27,6,0,2,116,0,2,17,10,Matches
Dejan Kulusevski\df3cda47,se SWE,FWMF,21-344,11.0,265,260,5,0,2,64,2,13,1,0,0,0,209,30,26,194,48,9,3,1,213,1,4,11,14,Matches
Luca Pellegrini\3b61c9ec,it ITA,DF,23-028,10.7,578,480,98,10,1,48,15,27,11,4,6,0,327,113,138,430,58,10,77,0,435,0,8,19,20,Matches
Mattia Perin\4c62d0c8,it ITA,GK,29-145,8.3,107,76,31,7,0,10,6,0,0,0,0,0,69,3,35,20,72,0,0,11,85,0,3,1,0,Matches
Denis Zakaria\384d58d9,ch SUI,MF,25-135,3.7,56,55,1,1,0,17,0,3,0,0,0,0,46,3,7,1,53,0,0,1,44,0,0,0,3,Matches
Kaio Jorge\0cf465f2,br BRA,MFFW,20-070,1.5,38,38,0,0,0,10,0,1,0,0,0,0,27,3,8,4,31,3,0,0,29,0,2,1,1,Matches
Aaron Ramsey\ef619b0b,wls WAL,MF,31-099,1.3,90,85,5,3,0,10,2,0,1,0,1,0,71,9,10,39,47,4,0,0,83,0,0,2,0,Matches
Koni De Winter\f4797849,be BEL,DF,19-296,0.9,82,72,10,0,0,14,1,1,0,0,0,0,64,13,5,14,54,3,10,0,74,0,1,1,1,Matches
Marley Aké\414e1f69,fr FRA,FW,21-089,0.7,4,4,0,0,0,0,1,1,0,0,0,0,3,0,1,0,4,0,0,0,4,0,0,0,0,Matches
Cristiano Ronaldo\dea698d9,pt POR,FW,37-058,0.3,12,11,1,0,0,0,0,0,0,0,0,0,9,2,1,1,10,0,0,1,9,0,0,1,0,Matches
Matìas Soulé\c13ddd3e,ar ARG,FW,18-354,0.1,7,7,0,0,0,2,0,0,0,0,0,0,6,0,1,7,0,0,0,0,7,0,0,0,0,Matches
Fabio Miretti\34693494,it ITA,MF,18-244,0.0,5,5,0,0,0,3,1,0,0,0,0,0,4,0,1,0,5,0,0,0,5,0,0,0,0,Matches
Cosimo Marco Da Graca\32f76907,it ITA,FW,19-338,0.0,0,0,0,0,0,0,0,0,0,0,0,0,0,0,0,0,0,0,0,0,0,0,0,0,0,Matches
